

************ Posterior mean (lower and upper 95% credible interval) of parameter estimates for model 1  ***********

lambda_jk:
mean:
 Recapture: MI_1|MI_2_3|MI_4 MI_centra|MI_south MI_south|ON_central|ON_north|ON_south
                   0.9031249         0.04043157                               0.40059

lower:
 Recapture: MI_1|MI_2_3|MI_4 MI_centra|MI_south MI_south|ON_central|ON_north|ON_south
                   0.7715826         0.03306205                             0.3402659

upper:
 Recapture: MI_1|MI_2_3|MI_4 MI_centra|MI_south MI_south|ON_central|ON_north|ON_south
                   0.9905988         0.04981811                             0.4696119



q_jk:
mean:
             
 4.576216e-05

lower:
             
 3.923685e-05

upper:
            
 5.70281e-05



tau:
mean:
         
 1.486735

lower:
         
 1.420137

upper:
         
 1.533981



eta:
mean:
         
 12.98062

lower:
         
 12.45855

upper:
         
 13.45987



M_jak:
mean:
          
 0.1214204

lower:
          
 0.1064061

upper:
          
 0.1358174



Pi:
mean:
           Recapture: MI_1       MI_2_3         MI_4    MI_centra     MI_south   ON_central     ON_north     ON_south
Tag: MI_1     5.139159e-01 0.1156444144 0.1663962750 0.1881464479 0.0004739824 0.0007443809 0.0029315554 0.0117470763
MI_2_3        2.234117e-01 0.7286570834 0.0034866881 0.0311085359 0.0021277735 0.0024500908 0.0036133796 0.0051447227
MI_4          3.964663e-02 0.0230158875 0.6191815721 0.2679550424 0.0087383258 0.0171012246 0.0080829984 0.0162783155
MI_centra     2.051777e-04 0.0009647325 0.0015173432 0.8820871844 0.0950052654 0.0080475467 0.0072428288 0.0049299212
MI_south      7.124292e-04 0.0005603548 0.0004004536 0.0073234945 0.9736842867 0.0144694963 0.0003578623 0.0024916226
ON_central    1.135612e-03 0.0004855585 0.0005324834 0.0090686867 0.0019394559 0.9727692256 0.0098850685 0.0041839094
ON_north      6.674735e-05 0.0001655627 0.0008637695 0.0002839326 0.0021053354 0.0002132877 0.9958096144 0.0004917504
ON_south      3.329185e-03 0.0032923380 0.0141534458 0.0088171998 0.1248218169 0.0366230372 0.0083612714 0.8006017062

lower:
           Recapture: MI_1       MI_2_3        MI_4   MI_centra     MI_south   ON_central    ON_north     ON_south
Tag: MI_1     5.473886e-01 0.1115784335 0.156629693 0.163481069 0.0004517419 0.0006604341 0.003035968 0.0167740884
MI_2_3        2.320911e-01 0.7294782186 0.002667228 0.022213891 0.0019204169 0.0020624576 0.002590577 0.0069761025
MI_4          1.988344e-02 0.0207886241 0.658733770 0.254850857 0.0064772481 0.0108359558 0.006829600 0.0216005007
MI_centra     1.782859e-04 0.0009347710 0.001425905 0.888452248 0.0925712943 0.0053584965 0.004947317 0.0061316833
MI_south      6.464003e-04 0.0006694109 0.000347030 0.007026344 0.9718341982 0.0154273012 0.000368134 0.0036811815
ON_central    9.932781e-04 0.0005093934 0.000560605 0.009200101 0.0013977904 0.9696143897 0.011295749 0.0064286935
ON_north      6.557137e-05 0.0001941552 0.001297673 0.000360008 0.0031252223 0.0002883075 0.993710379 0.0009586835
ON_south      2.268638e-03 0.0017624840 0.007243104 0.007026092 0.1013016114 0.0236417599 0.005482414 0.8512738960

upper:
           Recapture: MI_1       MI_2_3         MI_4    MI_centra     MI_south   ON_central     ON_north     ON_south
Tag: MI_1     4.918215e-01 0.1142883533 0.1516245320 0.2291910056 0.0005121741 0.0007470952 0.0033233585 0.0084919937
MI_2_3        2.209057e-01 0.7062327360 0.0037520997 0.0545237831 0.0023965856 0.0028899898 0.0052735799 0.0040254877
MI_4          5.732004e-02 0.0264648290 0.5854462796 0.2769785065 0.0109883594 0.0210152218 0.0091392444 0.0126475186
MI_centra     2.202652e-04 0.0009200638 0.0014756651 0.8818644235 0.0906536676 0.0125478982 0.0085917080 0.0037263086
MI_south      1.097188e-03 0.0004760074 0.0004771106 0.0075408110 0.9730165383 0.0154622266 0.0003352878 0.0015948300
ON_central    1.265084e-03 0.0005698842 0.0005899068 0.0103693724 0.0022949741 0.9718509855 0.0099736873 0.0030861056
ON_north      7.032232e-05 0.0001609269 0.0006492022 0.0002477015 0.0017099730 0.0001973497 0.9966713234 0.0002932009
ON_south      4.814391e-03 0.0059113037 0.0230021918 0.0117433014 0.1534070227 0.0536525275 0.0116001618 0.7358691000



R_kj:
mean:
                Recapture: 2003      2004       2005       2006     2007       2008       2009       2010       2011
Recapture: MI_1        853212.4 1191907.5  838685.60  1006461.8 693097.0  654318.90   79951.39  192502.28   482175.2
MI_2_3                 557290.0  348867.4  383888.39   173793.7 387252.7  394824.61  244870.00  584749.80   487474.9
MI_4                   397679.8  292299.2  453079.14   312506.0 176710.5   80649.02  132971.92   48654.54   226238.5
MI_centra             2393788.0  312185.3  497260.52   988031.9 681533.5  614526.43 1189608.04  457775.28  1201048.5
MI_south               194711.3  354570.2   74475.86   501934.1 151105.2  308994.46  881652.50  602425.94   174589.7
ON_central             684545.8  179539.1  917201.04 14325416.6 967733.5  562732.21  771718.51  269120.76   230025.4
ON_north              1237761.7 1026371.5 1042813.67   848773.8 903304.4  833707.11  260132.29 1243845.45   870981.1
ON_south              1796941.8 2031492.6 1481753.72   762248.6 967679.5 1020554.90 3989279.54 2035023.43 15515219.2

lower:
                Recapture: 2003      2004       2005       2006      2007      2008       2009       2010      2011
Recapture: MI_1        713850.7  881454.3  654350.87   745473.7 445207.13 534997.05   41803.09  149747.95  323882.5
MI_2_3                 444899.3  250240.4  274851.75   134000.8 305740.74 292640.04  151394.81  326761.18  323388.7
MI_4                   296978.5  110855.5  266682.87   209110.7 106960.05  59502.14   94413.25   26428.76  146724.7
MI_centra             1923104.0  159570.9  366974.34   748486.3 384766.78 488096.95  778928.49  342571.54  666453.2
MI_south               136048.6  258348.3   40106.77   381302.5  81389.82 174312.84  654973.67  438000.69  132232.5
ON_central             328564.6  117706.4  491188.74 11126812.8 718107.61 393721.09  602803.41  164223.43  144366.7
ON_north               919566.4  884084.3  826087.82   649202.1 734251.89 596216.41  182603.16  876525.60  527894.2
ON_south              1559176.7 1694261.5 1092772.78   627388.2 797798.01 673322.70 2470824.95 1202613.50 9389453.0

upper:
                Recapture: 2003      2004      2005       2006      2007      2008      2009       2010       2011
Recapture: MI_1       1016845.2 1472895.9 1147330.5  1341760.3  982199.4  849399.2  149420.4  267588.88   775151.8
MI_2_3                 668119.0  447397.2  514093.1   241644.7  565440.7  650107.4  391516.7 1117163.35   784595.7
MI_4                   658123.6  485155.3  617794.3   410621.6  258303.2  101010.2  189022.2   74094.66   347939.6
MI_centra             2767458.8  518878.6  634637.4  1283840.3  928005.4  801480.5 2407947.3  603466.04  1734658.3
MI_south               321831.8  444224.5  146461.3   682504.9  366678.5  445764.3 1131350.4  817710.69   215185.0
ON_central            1229053.8  311003.5 1450039.3 17825854.6 1355576.3  793083.1 1439149.5  418847.49   410650.0
ON_north              1682755.9 1217622.7 1266366.0  1198739.6 1125372.1 1129334.2  342945.3 2013520.92  1238883.3
ON_south              2163328.9 2368891.7 2397685.1  1001194.2 1203535.5 1467988.4 5625209.9 4927339.02 39586667.9



N0_ak:
mean:
                   Age: 5         6          7         8          9         10          11         12
Recapture: MI_1  802936.4  900470.8  911417.43  877691.2   36123.17  462050.40 490294.5729  1186.6604
MI_2_3           712994.7  543741.3  522209.62  724631.8  939208.86   46736.81   3991.0305  1041.3234
MI_4             427787.5  257144.1  290894.59  335227.6  341803.46   28091.99    377.6286  3754.4444
MI_centra       1886287.0 2023378.0 2282225.21 1943391.8 1775097.73 2557229.43    384.5476  4694.1513
MI_south         163448.6  190484.5   97636.59  145872.0  138416.37  152448.25  84285.3016   530.3925
ON_central       373403.8 1477383.7  724493.89 6683890.5   19425.14   26287.06  14479.3700 44326.0871
ON_north         966055.6 1099456.4 1026808.02  687748.1  575220.71  411801.84   4999.6699  6132.5968
ON_south        1689917.5 1582947.0 1490763.91 1244141.2 1294912.79  186127.41   7656.0881  5820.1755

lower:
                    Age: 5         6          7          8          9          10          11         12
Recapture: MI_1  574884.12  622082.3  583860.33  589827.08   13767.55  315772.005 322663.1959   627.8985
MI_2_3           550965.40  357541.8  387907.05  529593.33  600210.68   20828.634   1501.0383   597.6832
MI_4             238260.64  113505.2  170166.51  223425.77  237682.85   17568.250    257.1595  2206.5975
MI_centra       1375539.00 1587413.3 1775585.80 1562980.19 1353412.74 1442470.096    215.1953  2504.5138
MI_south          81124.57  154256.2   39755.88   84797.94  101430.63   89345.436  41377.9565   279.7909
ON_central       234319.16 1129364.8  369501.21 3697420.90   10125.93    8086.428  10129.4011 20192.5388
ON_north         707592.27  862278.6  752666.11  531016.58  403272.37  195677.734   1413.1159  3325.5505
ON_south        1354525.51 1168031.4  964249.47  956994.95  865831.01  101616.746   3932.9329  3121.2542

upper:
                   Age: 5         6         7         8          9         10          11        12
Recapture: MI_1 1003634.4 1188280.4 1376858.7 1217353.3  155234.40  649371.99 844318.9657  2749.886
MI_2_3           994358.0  787058.6  722628.5 1007766.6 1390472.64  107042.17   7786.3805  2123.743
MI_4             731858.4  455061.1  437427.7  445037.3  489102.53   60141.38    625.4472  6746.985
MI_centra       2816327.4 2527079.0 2786513.2 2440569.7 2221418.17 3868356.09    746.6935 11415.715
MI_south         302884.8  256550.3  152813.2  263993.8  202473.16  250751.25 164789.5399  1243.572
ON_central       621487.0 1741932.0 1993579.8 9286009.3   45194.17   63332.26  20770.2838 92134.366
ON_north        1192481.9 1290687.5 1355235.1  830374.0  847775.35  883533.23  14845.2067 11792.843
ON_south        2201975.7 1997934.0 2161662.5 1563981.0 2102574.54  291688.03  13927.0183 10909.901



nu0:
mean:
    
 0.1

lower:
    
 0.1

upper:
    
 0.1


$Fs_sumOverG
, , Age: 4

                Recapture: 2003        2004         2005         2006         2007         2008         2009         2010         2011
Recapture: MI_1    1.093429e-04 0.002311356 0.0042347312 0.0037309787 0.0027201948 0.0041230619 0.0037110941 0.0027480084 0.0032591783
MI_2_3             5.614285e-05 0.003891694 0.0016168601 0.0028975854 0.0024015400 0.0023802397 0.0027456769 0.0026496314 0.0026684520
MI_4               1.208799e-04 0.002671720 0.0033350534 0.0025598297 0.0030218087 0.0025406418 0.0019662352 0.0047262608 0.0024989549
MI_centra          3.275000e-05 0.002320571 0.0029124103 0.0029755710 0.0039557316 0.0035346602 0.0035720888 0.0026738032 0.0027229282
MI_south           8.889285e-05 0.006180392 0.0054177850 0.0060681063 0.0053452671 0.0038761959 0.0050177672 0.0054318207 0.0051604636
ON_central         3.078201e-05 0.001854228 0.0007934867 0.0008039176 0.0008251357 0.0007720147 0.0009127183 0.0009619994 0.0005802949
ON_north           2.983849e-04 0.004805337 0.0063112706 0.0037207088 0.0038537102 0.0034445223 0.0031729987 0.0024824250 0.0022833699
ON_south           4.315800e-04 0.004750710 0.0030759654 0.0037833447 0.0039120341 0.0043742867 0.0040960354 0.0039991087 0.0024140564

, , Age: 5

                Recapture: 2003        2004        2005        2006        2007        2008        2009        2010        2011
Recapture: MI_1    0.0004477771 0.009465380 0.017341915 0.015278966 0.011139641 0.016884611 0.015197536 0.011253543 0.013346867
MI_2_3             0.0002299141 0.015937120 0.006621306 0.011866085 0.009834698 0.009747470 0.011243995 0.010850673 0.010927746
MI_4               0.0004950228 0.010941130 0.013657588 0.010482920 0.012374800 0.010404343 0.008052054 0.019354809 0.010233628
MI_centra          0.0001341166 0.009503117 0.011926795 0.012185449 0.016199366 0.014475010 0.014628286 0.010949660 0.011150835
MI_south           0.0003640307 0.025309714 0.022186713 0.024849885 0.021889741 0.015873655 0.020548575 0.022244192 0.021132940
ON_central         0.0001260574 0.007593366 0.003249457 0.003292174 0.003379065 0.003161526 0.003737730 0.003939544 0.002376402
ON_north           0.0012219350 0.019678639 0.025845683 0.015236909 0.015781572 0.014105881 0.012993948 0.010165935 0.009350772
ON_south           0.0017673905 0.019454931 0.012596580 0.015493414 0.016020418 0.017913418 0.016773933 0.016377003 0.009885955

, , Age: 6

                Recapture: 2003       2004        2005        2006        2007       2008        2009        2010        2011
Recapture: MI_1    0.0010794504 0.02281807 0.041805932 0.036832808 0.026854190 0.04070352 0.036636504 0.027128771 0.032175121
MI_2_3             0.0005542510 0.03841941 0.015961897 0.028605418 0.023708381 0.02349810 0.027105754 0.026157577 0.026343377
MI_4               0.0011933452 0.02637564 0.032924172 0.025271041 0.029831771 0.02508161 0.019410983 0.046658390 0.024670075
MI_centra          0.0003233131 0.02290904 0.028751773 0.029375305 0.039051604 0.03489472 0.035264222 0.026396206 0.026881175
MI_south           0.0008775641 0.06101380 0.053485225 0.059905300 0.052769317 0.03826642 0.049536186 0.053623788 0.050944908
ON_central         0.0003038848 0.01830523 0.007833425 0.007936401 0.008145869 0.00762145 0.009010498 0.009497009 0.005728762
ON_north           0.0029457029 0.04743904 0.062305856 0.036731422 0.038044433 0.03400487 0.031324342 0.024506890 0.022541786
ON_south           0.0042606256 0.04689975 0.030366414 0.037349773 0.038620216 0.04318365 0.040436705 0.039479830 0.023831945

, , Age: 7

                Recapture: 2003       2004       2005       2006       2007       2008       2009       2010        2011
Recapture: MI_1    0.0018052308 0.03816005 0.06991461 0.06159775 0.04490990 0.06807097 0.06126946 0.04536910 0.053808419
MI_2_3             0.0009269078 0.06425113 0.02669405 0.04783859 0.03964897 0.03929731 0.04533061 0.04374491 0.044055638
MI_4               0.0019957040 0.04410959 0.05506110 0.04226231 0.04988949 0.04194552 0.03246217 0.07802967 0.041257273
MI_centra          0.0005406962 0.03831219 0.04808334 0.04912612 0.06530838 0.05835657 0.05897451 0.04414399 0.044955030
MI_south           0.0014676041 0.10203710 0.08944661 0.10018329 0.08824935 0.06399526 0.08284239 0.08967833 0.085198279
ON_central         0.0005082052 0.03061295 0.01310032 0.01327253 0.01362283 0.01274582 0.01506881 0.01588243 0.009580559
ON_north           0.0049262788 0.07933520 0.10419789 0.06142820 0.06362403 0.05686841 0.05238561 0.04098437 0.037698005
ON_south           0.0071253043 0.07843332 0.05078361 0.06246231 0.06458694 0.07221865 0.06762477 0.06602453 0.039855616

, , Age: 8

                Recapture: 2003       2004       2005       2006       2007       2008       2009       2010       2011
Recapture: MI_1    0.0023100607 0.04883145 0.08946612 0.07882346 0.05746888 0.08710691 0.07840337 0.05805650 0.06885586
MI_2_3             0.0011861161 0.08221885 0.03415900 0.06121657 0.05073674 0.05028674 0.05800724 0.05597811 0.05637573
MI_4               0.0025537993 0.05644477 0.07045885 0.05408089 0.06384101 0.05367551 0.04154017 0.09985054 0.05279480
MI_centra          0.0006919011 0.04902613 0.06152977 0.06286415 0.08357176 0.07467589 0.07546664 0.05648878 0.05752663
MI_south           0.0018780172 0.13057161 0.11446020 0.12819938 0.11292814 0.08189143 0.10600913 0.11475673 0.10902384
ON_central         0.0006503239 0.03917381 0.01676380 0.01698417 0.01743244 0.01631016 0.01928277 0.02032392 0.01225975
ON_north           0.0063039047 0.10152117 0.13333666 0.07860649 0.08141638 0.07277157 0.06703516 0.05244558 0.04824019
ON_south           0.0091178840 0.10036707 0.06498516 0.07992979 0.08264858 0.09241447 0.08653593 0.08448818 0.05100117

, , Age: 9

                Recapture: 2003       2004       2005       2006       2007       2008       2009       2010       2011
Recapture: MI_1    0.0024095396 0.05093429 0.09331883 0.08221787 0.05994369 0.09085802 0.08177968 0.06055660 0.07182102
MI_2_3             0.0012371942 0.08575947 0.03563000 0.06385276 0.05292164 0.05245225 0.06050522 0.05838871 0.05880345
MI_4               0.0026637745 0.05887547 0.07349304 0.05640979 0.06659021 0.05598696 0.04332902 0.10415044 0.05506832
MI_centra          0.0007216966 0.05113736 0.06417945 0.06557129 0.08717064 0.07789169 0.07871648 0.05892138 0.06000392
MI_south           0.0019588909 0.13619447 0.11938924 0.13372008 0.11779120 0.08541795 0.11057424 0.11969854 0.11371877
ON_central         0.0006783290 0.04086077 0.01748570 0.01771556 0.01818314 0.01701253 0.02011315 0.02119914 0.01278769
ON_north           0.0065753719 0.10589301 0.13907858 0.08199155 0.08492244 0.07590536 0.06992192 0.05470406 0.05031758
ON_south           0.0095105306 0.10468921 0.06778364 0.08337183 0.08620770 0.09639415 0.09026245 0.08812653 0.05319746

, , Age: 10

                Recapture: 2003       2004       2005       2006       2007       2008       2009       2010       2011
Recapture: MI_1    0.0021390154 0.04521579 0.08284172 0.07298709 0.05321368 0.08065720 0.07259810 0.05375778 0.06375752
MI_2_3             0.0010982918 0.07613107 0.03162975 0.05668387 0.04698001 0.04656332 0.05371217 0.05183328 0.05220146
MI_4               0.0023647068 0.05226539 0.06524182 0.05007654 0.05911399 0.04970118 0.03846438 0.09245725 0.04888568
MI_centra          0.0006406702 0.04539606 0.05697389 0.05820946 0.07738381 0.06914662 0.06987881 0.05230615 0.05326715
MI_south           0.0017389620 0.12090362 0.10598516 0.11870704 0.10456653 0.07582789 0.09815983 0.10625973 0.10095132
ON_central         0.0006021716 0.03627324 0.01552254 0.01572660 0.01614168 0.01510250 0.01785501 0.01881907 0.01135199
ON_north           0.0058371407 0.09400417 0.12346393 0.07278618 0.07538802 0.06738330 0.06207163 0.04856232 0.04466831
ON_south           0.0084427628 0.09293552 0.06017342 0.07401150 0.07652898 0.08557177 0.08012849 0.07823237 0.04722486

, , Age: 11

                Recapture: 2003       2004       2005       2006       2007       2008       2009       2010        2011
Recapture: MI_1    0.0016666172 0.03522995 0.06454626 0.05686801 0.04146152 0.06284418 0.05656492 0.04188546 0.049676772
MI_2_3             0.0008557358 0.05931764 0.02464437 0.04416533 0.03660455 0.03627989 0.04184992 0.04038599 0.040672852
MI_4               0.0018424651 0.04072267 0.05083327 0.03901722 0.04605876 0.03872475 0.02996958 0.07203821 0.038089358
MI_centra          0.0004991792 0.03537041 0.04439129 0.04535400 0.06029372 0.05387570 0.05444619 0.04075442 0.041503185
MI_south           0.0013549150 0.09420225 0.08257850 0.09249078 0.08147318 0.05908142 0.07648139 0.08279244 0.078656381
ON_central         0.0004691829 0.02826235 0.01209442 0.01225340 0.01257681 0.01176714 0.01391176 0.01466291 0.008844921
ON_north           0.0045480175 0.07324350 0.09619711 0.05671147 0.05873869 0.05250181 0.04836321 0.03783741 0.034803387
ON_south           0.0065781921 0.07241086 0.04688422 0.05766618 0.05962768 0.06667338 0.06243224 0.06095488 0.036795326

, , Age: 12

                Recapture: 2003       2004        2005        2006        2007        2008        2009       2010        2011
Recapture: MI_1    0.0011659343 0.02464622 0.045155358 0.039783795 0.029005706 0.043964617 0.039571764 0.02930229 0.034752941
MI_2_3             0.0005986568 0.04149751 0.017240739 0.030897240 0.025607859 0.025380731 0.029277424 0.02825328 0.028453968
MI_4               0.0012889541 0.02848882 0.035562005 0.027295718 0.032221846 0.027091115 0.020966161 0.05039659 0.026646603
MI_centra          0.0003492164 0.02474448 0.031055320 0.031728809 0.042180358 0.037690432 0.038089537 0.02851103 0.029034853
MI_south           0.0009478732 0.06590213 0.057770378 0.064704819 0.056997113 0.041332261 0.053504948 0.05792004 0.055026534
ON_central         0.0003282316 0.01977182 0.008461027 0.008572253 0.008798504 0.008232069 0.009732405 0.01025789 0.006187742
ON_north           0.0031817081 0.05123978 0.067297704 0.039674286 0.041092493 0.036729282 0.033834000 0.02647034 0.024347799
ON_south           0.0046019803 0.05065729 0.032799324 0.040342179 0.041714407 0.046643453 0.043676431 0.04264289 0.025741323


$S
, , Age: 4

                Recapture: 2003      2004      2005      2006      2007      2008      2009      2010      2011
Recapture: MI_1       0.8855647 0.8836168 0.8819189 0.8823633 0.8832556 0.8820174 0.8823808 0.8832311 0.8827797
MI_2_3                0.8856118 0.8822215 0.8842307 0.8830990 0.8835371 0.8835559 0.8832331 0.8833180 0.8833013
MI_4                  0.8855545 0.8832984 0.8827127 0.8833973 0.8829893 0.8834142 0.8839218 0.8814855 0.8834511
MI_centra             0.8856325 0.8836087 0.8830859 0.8830301 0.8821650 0.8825365 0.8825035 0.8832966 0.8832532
MI_south              0.8855828 0.8802047 0.8808762 0.8803035 0.8809401 0.8822352 0.8812286 0.8808638 0.8811029
ON_central            0.8856343 0.8840208 0.8849590 0.8849498 0.8849310 0.8849780 0.8848535 0.8848099 0.8851477
ON_north              0.8853973 0.8814158 0.8800895 0.8823724 0.8822550 0.8826161 0.8828558 0.8834657 0.8836415
ON_south              0.8852794 0.8814640 0.8829414 0.8823171 0.8822036 0.8817958 0.8820412 0.8821267 0.8835261

, , Age: 5

                Recapture: 2003      2004      2005      2006      2007      2008      2009      2010      2011
Recapture: MI_1       0.8852650 0.8773180 0.8704349 0.8722324 0.8758503 0.8708330 0.8723034 0.8757506 0.8739193
MI_2_3                0.8854579 0.8716585 0.8798167 0.8752143 0.8769940 0.8770705 0.8757589 0.8761035 0.8760359
MI_4                  0.8852232 0.8760242 0.8736478 0.8764257 0.8747692 0.8764946 0.8785588 0.8686845 0.8766442
MI_centra             0.8855428 0.8772848 0.8751612 0.8749348 0.8714300 0.8729339 0.8728001 0.8760167 0.8758405
MI_south              0.8853392 0.8635270 0.8662280 0.8639241 0.8664853 0.8717138 0.8676482 0.8661782 0.8671413
ON_central            0.8855499 0.8789618 0.8827883 0.8827506 0.8826739 0.8828659 0.8823573 0.8821793 0.8835593
ON_north              0.8845800 0.8684033 0.8630643 0.8722691 0.8717941 0.8732562 0.8742277 0.8767036 0.8774185
ON_south              0.8840976 0.8685976 0.8745752 0.8720454 0.8715859 0.8699376 0.8709294 0.8712752 0.8769491

, , Age: 6

                Recapture: 2003      2004      2005      2006      2007      2008      2009      2010      2011
Recapture: MI_1       0.8847060 0.8656813 0.8493989 0.8536336 0.8621943 0.8503358 0.8538012 0.8619576 0.8576188
MI_2_3                0.8851708 0.8522803 0.8716369 0.8606857 0.8649109 0.8650928 0.8619774 0.8627951 0.8626348
MI_4                  0.8846053 0.8626070 0.8569767 0.8635604 0.8596309 0.8637240 0.8686357 0.8452872 0.8640795
MI_centra             0.8853752 0.8656025 0.8605598 0.8600234 0.8517416 0.8552896 0.8549736 0.8625893 0.8621710
MI_south              0.8848846 0.8332394 0.8395362 0.8341636 0.8401375 0.8524107 0.8428581 0.8394199 0.8416716
ON_central            0.8853924 0.8695968 0.8787509 0.8786604 0.8784763 0.8789372 0.8777171 0.8772902 0.8806023
ON_north              0.8830565 0.8446276 0.8321636 0.8537201 0.8525999 0.8560510 0.8583488 0.8642205 0.8659205
ON_south              0.8818961 0.8450832 0.8591714 0.8531924 0.8521092 0.8482295 0.8505627 0.8513770 0.8648040

, , Age: 7

                Recapture: 2003      2004      2005      2006      2007      2008      2009      2010      2011
Recapture: MI_1       0.8840641 0.8525014 0.8258558 0.8327530 0.8467665 0.8273798 0.8330264 0.8463777 0.8392649
MI_2_3                0.8848410 0.8305463 0.8623324 0.8442902 0.8512330 0.8515324 0.8464103 0.8477535 0.8474901
MI_4                  0.8838958 0.8474444 0.8382143 0.8490113 0.8425604 0.8492803 0.8573727 0.8191811 0.8498651
MI_centra             0.8851828 0.8523717 0.8440836 0.8432038 0.8296687 0.8354565 0.8349404 0.8474153 0.8467283
MI_south              0.8843627 0.7997489 0.8098817 0.8012328 0.8108520 0.8307589 0.8152481 0.8096941 0.8133297
ON_central            0.8852115 0.8589596 0.8741347 0.8739842 0.8736781 0.8744447 0.8724157 0.8717062 0.8772169
ON_north              0.8813092 0.8181123 0.7980226 0.8328942 0.8310673 0.8367007 0.8404599 0.8500970 0.8528953
ON_south              0.8793733 0.8188505 0.8418074 0.8320334 0.8302675 0.8239552 0.8277491 0.8290748 0.8510571

, , Age: 8

                Recapture: 2003      2004      2005      2006      2007      2008      2009      2010      2011
Recapture: MI_1       0.8836180 0.8434523 0.8098659 0.8185311 0.8361985 0.8117788 0.8188750 0.8357072 0.8267307
MI_2_3                0.8846117 0.8157566 0.8559191 0.8330705 0.8418468 0.8422258 0.8357484 0.8374460 0.8371130
MI_4                  0.8834026 0.8370553 0.8254065 0.8390363 0.8308870 0.8393765 0.8496247 0.8014995 0.8401161
MI_centra             0.8850489 0.8432882 0.8328096 0.8316991 0.8146537 0.8219331 0.8212834 0.8370184 0.8361502
MI_south              0.8839998 0.7772509 0.7898750 0.7790969 0.7910860 0.8160237 0.7965785 0.7896408 0.7941807
ON_central            0.8850857 0.8516376 0.8709382 0.8707463 0.8703561 0.8713334 0.8687471 0.8678431 0.8748698
ON_north              0.8800960 0.8001616 0.7751048 0.8187087 0.8164115 0.8234998 0.8282373 0.8404095 0.8439512
ON_south              0.8776229 0.8010856 0.8299369 0.8176260 0.8154061 0.8074817 0.8122425 0.8139075 0.8416243

, , Age: 9

                Recapture: 2003      2004      2005      2006      2007      2008      2009      2010      2011
Recapture: MI_1       0.8835301 0.8416806 0.8067518 0.8157574 0.8341316 0.8087395 0.8161149 0.8336205 0.8242829
MI_2_3                0.8845665 0.8128734 0.8546610 0.8308773 0.8400095 0.8404039 0.8336633 0.8354296 0.8350832
MI_4                  0.8833055 0.8350231 0.8229059 0.8370845 0.8286059 0.8374386 0.8481062 0.7980605 0.8382082
MI_centra             0.8850226 0.8415097 0.8306059 0.8294506 0.8117271 0.8192941 0.8186187 0.8349848 0.8340813
MI_south              0.8839283 0.7728928 0.7859912 0.7748076 0.7872483 0.8131511 0.7929504 0.7857481 0.7904608
ON_central            0.8850610 0.8502021 0.8703097 0.8701097 0.8697029 0.8707216 0.8680260 0.8670839 0.8744081
ON_north              0.8798571 0.7966710 0.7706669 0.8159420 0.8135541 0.8209231 0.8258498 0.8385136 0.8421998
ON_south              0.8772783 0.7976306 0.8276176 0.8148166 0.8125091 0.8042746 0.8092213 0.8109516 0.8397779

, , Age: 10

                Recapture: 2003      2004      2005      2006      2007      2008      2009      2010      2011
Recapture: MI_1       0.8837691 0.8465075 0.8152486 0.8233223 0.8397642 0.8170315 0.8236426 0.8393074 0.8309564
MI_2_3                0.8846893 0.8207379 0.8580867 0.8368551 0.8450154 0.8453676 0.8393457 0.8409242 0.8406147
MI_4                  0.8835697 0.8405609 0.8297239 0.8424028 0.8348240 0.8427191 0.8522420 0.8074472 0.8434066
MI_centra             0.8850943 0.8463549 0.8366125 0.8355794 0.8197103 0.8264903 0.8258854 0.8405267 0.8397193
MI_south              0.8841227 0.7848018 0.7965976 0.7865276 0.7977285 0.8209867 0.8028557 0.7963789 0.8006177
ON_central            0.8851284 0.8541114 0.8720200 0.8718420 0.8714802 0.8723863 0.8699884 0.8691501 0.8756644
ON_north              0.8805069 0.8061991 0.7827951 0.8234877 0.8213480 0.8279490 0.8323585 0.8436794 0.8469711
ON_south              0.8782156 0.8070611 0.8339400 0.8224793 0.8204114 0.8130260 0.8174636 0.8190151 0.8448085

, , Age: 11

                Recapture: 2003      2004      2005      2006      2007      2008      2009      2010      2011
Recapture: MI_1       0.8841867 0.8550029 0.8303013 0.8367011 0.8496915 0.8317157 0.8369547 0.8493313 0.8427397
MI_2_3                0.8849040 0.8346540 0.8641017 0.8473972 0.8538285 0.8541057 0.8493615 0.8506059 0.8503619
MI_4                  0.8840312 0.8503195 0.8417656 0.8517709 0.8457942 0.8520201 0.8595124 0.8241039 0.8525616
MI_centra             0.8852195 0.8548828 0.8472057 0.8463905 0.8338397 0.8392085 0.8387298 0.8502925 0.8496561
MI_south              0.8844623 0.8060394 0.8154632 0.8074201 0.8163651 0.8348511 0.8204504 0.8152888 0.8186679
ON_central            0.8852461 0.8609811 0.8750145 0.8748754 0.8745925 0.8753009 0.8734257 0.8727699 0.8778625
ON_north              0.8816427 0.8231112 0.8044330 0.8368320 0.8351373 0.8403622 0.8438474 0.8527765 0.8553677
ON_south              0.8798546 0.8237969 0.8450963 0.8360335 0.8343952 0.8285370 0.8320584 0.8332885 0.8536656

, , Age: 12

                Recapture: 2003      2004      2005      2006      2007      2008      2009      2010      2011
Recapture: MI_1       0.8846295 0.8641001 0.8465587 0.8511182 0.8603413 0.8475673 0.8512987 0.8600862 0.8554109
MI_2_3                0.8851315 0.8496609 0.8705229 0.8587155 0.8632696 0.8634657 0.8601075 0.8609889 0.8608161
MI_4                  0.8845207 0.8607861 0.8547191 0.8618137 0.8575787 0.8619901 0.8672859 0.8421333 0.8623733
MI_centra             0.8853523 0.8640152 0.8585797 0.8580017 0.8490809 0.8529018 0.8525615 0.8607670 0.8603162
MI_south              0.8848224 0.8291762 0.8359464 0.8301696 0.8365930 0.8498013 0.8395197 0.8358213 0.8382432
ON_central            0.8853709 0.8683224 0.8781995 0.8781019 0.8779032 0.8784006 0.8770837 0.8766229 0.8801982
ON_north              0.8828481 0.8414235 0.8280199 0.8512114 0.8500051 0.8537220 0.8561973 0.8625253 0.8643580
ON_south              0.8815951 0.8419137 0.8570837 0.8506431 0.8494766 0.8452998 0.8478116 0.8486883 0.8631544


$logLik
[1] -10490.3152   -105.1046  -1060.9140  -4868.1976

$logLikSum
[1] -16524.53

************************************************


