

************ Posterior mean (lower and upper 95% credible interval) of parameter estimates for model 2  ***********

lambda_jk:
mean:
 Recapture: MI_1|MI_2_3|MI_4 MI_centra|MI_south MI_south|ON_central|ON_north|ON_south
                   0.8363645         0.04587585                             0.3782546

lower:
 Recapture: MI_1|MI_2_3|MI_4 MI_centra|MI_south MI_south|ON_central|ON_north|ON_south
                   0.6363196         0.03627784                             0.3210496

upper:
 Recapture: MI_1|MI_2_3|MI_4 MI_centra|MI_south MI_south|ON_central|ON_north|ON_south
                   0.9624499         0.05399311                             0.4299208



q_jk:
mean:
             
 5.398971e-05

lower:
             
 4.769736e-05

upper:
             
 6.695535e-05



tau:
mean:
         
 1.416033

lower:
         
 1.330032

upper:
        
 1.52346



eta:
mean:
         
 12.72327

lower:
         
 12.07351

upper:
         
 13.60645



M_jak:
mean:
          
 0.1864513

lower:
          
 0.1783507

upper:
          
 0.1961801



Pi:
mean:
           Recapture: MI_1       MI_2_3         MI_4    MI_centra    MI_south   ON_central    ON_north     ON_south
Tag: MI_1     0.2649119488 0.1226714321 0.2314928089 0.3150599569 0.009008406 0.0146414602 0.029679973 0.0125340146
MI_2_3        0.2756392125 0.5892823046 0.0091318408 0.0869024539 0.008253282 0.0016537365 0.014689550 0.0144476201
MI_4          0.0497212250 0.0408700089 0.1099858646 0.6974354071 0.005380317 0.0439455050 0.030348502 0.0223131704
MI_centra     0.0024211289 0.0015145994 0.0027019044 0.7949547743 0.141862181 0.0223616603 0.017942452 0.0162412990
MI_south      0.0005323821 0.0033023457 0.0014592907 0.0029494327 0.948678673 0.0332288175 0.005868685 0.0039803737
ON_central    0.0101263204 0.0023079598 0.0053714579 0.0160493009 0.018432318 0.9119560211 0.029056928 0.0066996935
ON_north      0.0001953465 0.0008995193 0.0002104741 0.0008051196 0.001349580 0.0003678473 0.995256732 0.0009153816
ON_south      0.0238696758 0.0087302520 0.0096966888 0.0124813753 0.160100482 0.0026198768 0.011704520 0.7707971293

lower:
           Recapture: MI_1      MI_2_3         MI_4   MI_centra    MI_south   ON_central    ON_north    ON_south
Tag: MI_1     0.2710181372 0.122564517 0.2345316071 0.308274769 0.008339712 0.0095281252 0.030064593 0.015678539
MI_2_3        0.2796185773 0.611332848 0.0087995578 0.060343623 0.005143043 0.0012647269 0.014849224 0.018648401
MI_4          0.0439089288 0.046884047 0.1085701785 0.691877052 0.002866196 0.0328387543 0.036966589 0.036088254
MI_centra     0.0024631510 0.001513178 0.0022712536 0.827558598 0.115207716 0.0130779447 0.015619073 0.022289086
MI_south      0.0004651967 0.003448712 0.0011194696 0.003010463 0.945113623 0.0352622824 0.005788731 0.005791523
ON_central    0.0094733714 0.001506795 0.0058810683 0.011158431 0.016925658 0.9176989839 0.028355342 0.009000351
ON_north      0.0002849731 0.001480825 0.0001852873 0.001247891 0.002229352 0.0004362879 0.992199433 0.001935951
ON_south      0.0146000079 0.006609777 0.0071597326 0.008516258 0.135595751 0.0016699403 0.007904304 0.817944229

upper:
           Recapture: MI_1       MI_2_3         MI_4    MI_centra     MI_south   ON_central    ON_north     ON_south
Tag: MI_1     0.2621654926 0.1227889029 0.2201989375 0.3302031515 0.0087189789 0.0174810530 0.028845328 0.0095981553
MI_2_3        0.2760950880 0.5644440457 0.0088229195 0.1088642058 0.0097785676 0.0021555912 0.018583453 0.0112561297
MI_4          0.0387364565 0.0354447854 0.0973137811 0.7457127629 0.0077077448 0.0379340490 0.023779072 0.0133713487
MI_centra     0.0020998023 0.0017992732 0.0027407266 0.7936983019 0.1431354664 0.0271994051 0.018415484 0.0109115403
MI_south      0.0007249320 0.0030202331 0.0016326654 0.0027671205 0.9446464433 0.0389204341 0.005512107 0.0027760650
ON_central    0.0113075549 0.0026394249 0.0050385350 0.0211736215 0.0210185157 0.9044781427 0.029205200 0.0051390051
ON_north      0.0001271187 0.0005764965 0.0002496064 0.0005665441 0.0008929379 0.0002700805 0.996887164 0.0004300514
ON_south      0.0325444574 0.0101999157 0.0127122112 0.0199890631 0.1761337562 0.0038633286 0.019061706 0.7254955617



R_kj:
mean:
                Recapture: 2003       2004      2005      2006        2007       2008      2009      2010       2011
Recapture: MI_1       1694740.1 2468150.80 2582091.3 1776090.5   180286.30  288104.45  716388.1  347532.8   136277.3
MI_2_3                 623651.8  302972.38  104548.5  225109.7   753528.07  755048.50  166085.1  269193.7   661559.8
MI_4                   260295.9  378484.97  523037.1  232125.3   221808.98   53573.73  148959.1  421720.6   402872.8
MI_centra             1905333.9 1377915.50  840202.8  499488.2    60393.97  395365.54  411437.4  453799.9   956152.2
MI_south                78475.6   98290.45  161950.3  214287.3   117815.24  428394.71  105966.3  307634.2   252010.3
ON_central            2371689.6  727894.18  468872.0 2631341.7 18668720.39  273460.65 1033882.3  367751.9  1493655.6
ON_north              1373972.1 1296266.62 1274751.0 1171769.8   412349.89  575212.30  177247.5 1092850.5   627669.6
ON_south              2159276.4 2586025.27 1597387.6 1009220.3  1333009.95 1759021.72 3643107.2 2244579.2 41704348.4

lower:
                Recapture: 2003       2004       2005      2006        2007       2008       2009      2010       2011
Recapture: MI_1       1322899.7 2023972.60 1781174.57 1144092.4   102773.08  196013.24  485764.86  234845.3   100300.5
MI_2_3                 416372.3  230123.99   56163.62  182273.3   572219.22  475939.32  131119.30  190089.4   415919.7
MI_4                   210082.9  229211.25  257567.17  173903.7   130780.52   36570.39   94470.54  324009.5   264911.6
MI_centra             1536914.3 1013884.82  643037.96  387296.4    40740.97  293224.23  292547.82  268873.4   640718.7
MI_south                56372.5   59772.94   96837.86  154056.8    76075.28  281357.19   67350.13  254789.7   175023.1
ON_central            2046312.3  433195.50  316373.40 2050538.2 14126822.40  192292.76  763387.85  230410.9  1265455.6
ON_north              1055645.1  862009.99 1082190.05  898040.0   329909.47  456082.05  128690.45  800304.1   388543.3
ON_south              1680239.9 2101826.56 1248003.74  622930.6  1001368.77 1258937.23 2760090.05 1822484.8 10600602.9

upper:
                Recapture: 2003      2004      2005      2006        2007       2008      2009      2010        2011
Recapture: MI_1       2533828.6 3234728.5 3483431.3 2316165.1   258197.78  427861.46 1203299.7  496587.3    182724.5
MI_2_3                 809045.6  410888.1  188741.9  293595.5  1026302.36 1293095.70  208287.2  418657.3   1110567.3
MI_4                   316974.6  489509.4  834900.0  389849.5   397398.76   99656.35  237174.2  624681.4    530816.6
MI_centra             2356515.5 1766476.4 1069943.1  650664.6    81554.19  512281.13  559099.5  782898.5   1447137.9
MI_south               108402.8  150863.4  231171.2  310470.0   218221.90  863871.07  187807.0  392065.4    353084.5
ON_central            2817178.4 1090617.2  828087.2 3475897.1 23511420.83  358586.65 1496118.3  616626.8   1793994.6
ON_north              1578832.3 1740586.4 1532702.9 1629795.6   497116.35  767661.67  232448.2 2195433.8    907241.3
ON_south              2776296.9 3201242.9 2095426.9 1417757.0  1766753.77 2146159.77 4699668.4 3258615.8 109969310.0



N0_ak:
mean:
                    Age: 5           6           7          8           9         10          11          12
Recapture: MI_1 1388604.94  854311.603 1241232.497  992052.33  754154.243  119427.79 394606.0065   4650.1598
MI_2_3           837042.38  714849.429  691954.017  657143.60  404795.867  291245.90  44549.4016  44357.0337
MI_4             215664.77 1384463.555  221057.859  378714.41  124296.641 1294737.02    183.6169    922.5855
MI_centra       1424048.97  678952.557 1794695.325 1815761.94 1799742.512   70146.51   2376.4006   7365.1004
MI_south          55438.76    5955.857   65288.119   30556.67    3022.561  283144.71  13046.4679  52014.4120
ON_central      4302246.48  280273.925    6638.684 4863054.44 1342637.123   40485.68   2558.0721 228741.6551
ON_north         944039.59  948144.542  886101.836  494129.10  497970.293  284319.91   3490.7829   3626.1654
ON_south        1945650.49 2023088.301 1477503.937  951047.89   42265.804  797392.96  24162.2162   5936.5118

lower:
                    Age: 5           6           7          8           9        10          11         12
Recapture: MI_1  952889.43  501576.577  979808.414  546555.08  516842.496  59212.12 255450.2039  2363.4244
MI_2_3           555794.39  445586.826  456937.141  356873.04  225962.379 144855.19  11826.8676 23201.9664
MI_4              87240.32  802279.581  129709.345  228203.35   20339.695 835581.85    106.6245   452.7428
MI_centra        946433.65  280923.124 1176416.089 1312967.43 1287904.270  43544.92    494.3319  2533.7424
MI_south          15893.56    2226.248   30475.981   14210.77    1343.164 196105.61   6728.9710 12976.0379
ON_central      2564047.67  186280.941    3206.242 3641134.55  773727.706  21140.53   1089.0544 37079.6619
ON_north         673023.87  732733.650  677574.086  286834.50  332364.688 188904.90   1606.9590  1631.2115
ON_south        1464230.49 1485905.880 1030413.990  666241.01    8758.473 351279.09  12071.1262  3240.0549

upper:
                   Age: 5          6          7          8           9         10          11         12
Recapture: MI_1 1889049.3 1168916.45 1627093.42 1857386.70 1040025.648  195380.00 691781.8250  10352.145
MI_2_3          1179252.7 1066495.41 1120389.17 1105990.96  673293.711  622951.38 168909.0975  88224.520
MI_4             468078.0 2188385.63  449601.42  600496.52  315232.512 1878815.35    356.3887   1476.461
MI_centra       2023391.9 1188227.58 2751329.16 2951291.82 2445358.889  111737.76   8643.4623  18144.390
MI_south         199285.7   41798.96  127550.80   72573.59    8392.799  474468.58  28899.0764 114375.164
ON_central      7319526.4  538645.47   11254.52 6186832.68 2083203.841   87790.44   6003.0281 766907.783
ON_north        1331381.0 1181371.94 1195133.16  858179.86  814315.210  484827.31   7142.0516  10254.273
ON_south        2521511.7 2469319.13 2228724.59 1543204.38  414737.464 1427160.48  59786.9174  13044.726



nu0:
mean:
    
 0.1

lower:
    
 0.1

upper:
    
 0.1


$Fs_sumOverG
, , Age: 4

                Recapture: 2003        2004         2005         2006         2007         2008         2009         2010         2011
Recapture: MI_1    1.068500e-04 0.002258659 0.0041381820 0.0036459148 0.0026581761 0.0040290587 0.0036264835 0.0026853556 0.0031848712
MI_2_3             5.486283e-05 0.003802966 0.0015799967 0.0028315223 0.0023467865 0.0023259717 0.0026830772 0.0025892215 0.0026076130
MI_4               1.181239e-04 0.002610807 0.0032590163 0.0025014672 0.0029529134 0.0024827168 0.0019214063 0.0046185051 0.0024419803
MI_centra          3.200332e-05 0.002267664 0.0028460092 0.0029077299 0.0038655435 0.0034540722 0.0034906475 0.0026128422 0.0026608472
MI_south           8.686615e-05 0.006039483 0.0052942630 0.0059297574 0.0052233985 0.0037878211 0.0049033653 0.0053079787 0.0050428083
ON_central         3.008020e-05 0.001811953 0.0007753957 0.0007855888 0.0008063231 0.0007544132 0.0008919089 0.0009400664 0.0005670645
ON_north           2.915819e-04 0.004695778 0.0061673777 0.0036358790 0.0037658481 0.0033659894 0.0031006564 0.0024258273 0.0022313105
ON_south           4.217403e-04 0.004642396 0.0030058354 0.0036970868 0.0038228423 0.0042745558 0.0040026484 0.0039079316 0.0023590175

, , Age: 5

                Recapture: 2003        2004        2005        2006        2007        2008        2009        2010        2011
Recapture: MI_1    0.0004434155 0.009373182 0.017172995 0.015130141 0.011031135 0.016720146 0.015049503 0.011143927 0.013216861
MI_2_3             0.0002276746 0.015781884 0.006556811 0.011750503 0.009738903 0.009652524 0.011134472 0.010744981 0.010821304
MI_4               0.0004902010 0.010834557 0.013524555 0.010380811 0.012254262 0.010302998 0.007973623 0.019166283 0.010133947
MI_centra          0.0001328102 0.009410552 0.011810622 0.012066756 0.016041576 0.014334016 0.014485799 0.010843005 0.011042220
MI_south           0.0003604848 0.025063183 0.021970603 0.024607834 0.021676523 0.015719036 0.020348421 0.022027521 0.020927094
ON_central         0.0001248295 0.007519402 0.003217806 0.003260106 0.003346151 0.003130731 0.003701323 0.003901171 0.002353255
ON_north           0.0012100326 0.019486958 0.025593932 0.015088493 0.015627851 0.013968482 0.012867379 0.010066913 0.009259690
ON_south           0.0017501751 0.019265429 0.012473883 0.015342499 0.015864370 0.017738931 0.016610546 0.016217481 0.009789660

, , Age: 6

                Recapture: 2003       2004        2005       2006       2007        2008        2009        2010        2011
Recapture: MI_1    0.0010946606 0.02313959 0.042395004 0.03735181 0.02723258 0.041277054 0.037152736 0.027511033 0.032628489
MI_2_3             0.0005620608 0.03896077 0.016186810 0.02900849 0.02404245 0.023829203 0.027487691 0.026526154 0.026714572
MI_4               0.0012101602 0.02674729 0.033388094 0.02562713 0.03025212 0.025435031 0.019684496 0.047315837 0.025017693
MI_centra          0.0003278688 0.02323185 0.029156903 0.02978922 0.03960187 0.035386411 0.035761118 0.026768145 0.027259948
MI_south           0.0008899296 0.06187353 0.054238866 0.06074940 0.05351287 0.038805614 0.050234183 0.054379381 0.051662754
ON_central         0.0003081668 0.01856316 0.007943803 0.00804823 0.00826065 0.007728841 0.009137462 0.009630828 0.005809484
ON_north           0.0029872098 0.04810749 0.063183785 0.03724899 0.03858050 0.034484016 0.031765722 0.024852207 0.022859414
ON_south           0.0043206605 0.04756060 0.030794297 0.03787606 0.03916440 0.043792132 0.041006484 0.040036126 0.024167752

, , Age: 7

                Recapture: 2003       2004       2005       2006       2007       2008       2009       2010       2011
Recapture: MI_1    0.0018883646 0.03991738 0.07313429 0.06443443 0.04697808 0.07120575 0.06409102 0.04745842 0.05628638
MI_2_3             0.0009695935 0.06721000 0.02792336 0.05004163 0.04147487 0.04110701 0.04741815 0.04575944 0.04608447
MI_4               0.0020876094 0.04614091 0.05759676 0.04420855 0.05218698 0.04387717 0.03395711 0.08162307 0.04315724
MI_centra          0.0005655962 0.04007653 0.05029766 0.05138845 0.06831594 0.06104399 0.06169038 0.04617689 0.04702528
MI_south           0.0015351896 0.10673608 0.09356577 0.10479689 0.09231338 0.06694235 0.08665741 0.09380817 0.08912180
ON_central         0.0005316088 0.03202273 0.01370361 0.01388375 0.01425019 0.01333278 0.01576275 0.01661384 0.01002176
ON_north           0.0051531420 0.08298872 0.10899637 0.06425707 0.06655402 0.05948729 0.05479805 0.04287176 0.03943406
ON_south           0.0074534361 0.08204530 0.05312228 0.06533880 0.06756128 0.07554443 0.07073900 0.06906507 0.04169103

, , Age: 8

                Recapture: 2003       2004       2005       2006       2007       2008       2009       2010       2011
Recapture: MI_1    0.0025058634 0.05297044 0.09704935 0.08550461 0.06233999 0.09449017 0.08504891 0.06297741 0.07469214
MI_2_3             0.0012866523 0.08918779 0.03705435 0.06640534 0.05503723 0.05454908 0.06292398 0.06072286 0.06115418
MI_4               0.0027702616 0.06122908 0.07643100 0.05866483 0.06925222 0.05822509 0.04506115 0.10831396 0.05726974
MI_centra          0.0007505472 0.05318163 0.06674509 0.06819257 0.09065538 0.08100549 0.08186325 0.06127682 0.06240264
MI_south           0.0020371995 0.14163898 0.12416195 0.13906567 0.12250002 0.08883262 0.11499455 0.12448361 0.11826479
ON_central         0.0007054459 0.04249422 0.01818471 0.01842376 0.01891003 0.01769263 0.02091720 0.02204660 0.01329889
ON_north           0.0068382291 0.11012619 0.14463839 0.08526925 0.08831731 0.07893975 0.07271712 0.05689091 0.05232907
ON_south           0.0098907237 0.10887427 0.07049336 0.08670471 0.08965394 0.10024761 0.09387079 0.09164947 0.05532408

, , Age: 9

                Recapture: 2003       2004       2005       2006       2007       2008       2009       2010       2011
Recapture: MI_1    0.0027215048 0.05752880 0.10540090 0.09286269 0.06770465 0.10262149 0.09236777 0.06839692 0.08111975
MI_2_3             0.0013973749 0.09686282 0.04024305 0.07211983 0.05977345 0.05924329 0.06833889 0.06594835 0.06641679
MI_4               0.0030086557 0.06649813 0.08300825 0.06371322 0.07521171 0.06323564 0.04893887 0.11763489 0.06219807
MI_centra          0.0008151353 0.05775816 0.07248882 0.07406087 0.09845670 0.08797639 0.08890798 0.06654998 0.06777268
MI_south           0.0022125102 0.15382768 0.13484668 0.15103293 0.13304173 0.09647709 0.12489038 0.13519602 0.12844204
ON_central         0.0007661529 0.04615105 0.01974959 0.02000921 0.02053732 0.01921516 0.02271722 0.02394381 0.01444333
ON_north           0.0074266911 0.11960307 0.15708520 0.09260707 0.09591743 0.08573289 0.07897477 0.06178664 0.05683224
ON_south           0.0107418674 0.11824341 0.07655965 0.09416606 0.09736909 0.10887439 0.10194881 0.09953634 0.06008498

, , Age: 10

                Recapture: 2003       2004       2005       2006       2007       2008       2009       2010       2011
Recapture: MI_1    0.0025235877 0.05334511 0.09773579 0.08610939 0.06278093 0.09515851 0.08565047 0.06342286 0.07522044
MI_2_3             0.0012957530 0.08981863 0.03731644 0.06687503 0.05542652 0.05493491 0.06336905 0.06115236 0.06158673
MI_4               0.0027898560 0.06166216 0.07697161 0.05907978 0.06974205 0.05863693 0.04537987 0.10908008 0.05767481
MI_centra          0.0007558559 0.05355779 0.06721719 0.06867491 0.09129660 0.08157845 0.08244228 0.06171024 0.06284402
MI_south           0.0020516089 0.14264081 0.12504016 0.14004930 0.12336648 0.08946095 0.11580792 0.12536410 0.11910130
ON_central         0.0007104356 0.04279479 0.01831333 0.01855407 0.01904378 0.01781777 0.02106515 0.02220253 0.01339296
ON_north           0.0068865967 0.11090512 0.14566143 0.08587237 0.08894198 0.07949810 0.07323146 0.05729331 0.05269920
ON_south           0.0099606820 0.10964435 0.07099197 0.08731798 0.09028808 0.10095667 0.09453475 0.09229772 0.05571539

, , Age: 11

                Recapture: 2003       2004       2005       2006       2007       2008       2009       2010       2011
Recapture: MI_1    0.0020591743 0.04352806 0.07974956 0.07026277 0.05122742 0.07764658 0.06988829 0.05175121 0.06137770
MI_2_3             0.0010572968 0.07328939 0.03044913 0.05456809 0.04522643 0.04482530 0.05170730 0.04989855 0.05025298
MI_4               0.0022764415 0.05031453 0.06280660 0.04820738 0.05690749 0.04784603 0.03702866 0.08900618 0.04706097
MI_centra          0.0006167565 0.04370160 0.05484727 0.05603673 0.07449537 0.06656565 0.06727051 0.05035376 0.05127890
MI_south           0.0016740533 0.11639076 0.10202914 0.11427616 0.10066347 0.07299753 0.09449590 0.10229347 0.09718320
ON_central         0.0005796949 0.03491930 0.01494315 0.01513959 0.01553917 0.01453878 0.01718855 0.01811662 0.01092826
ON_north           0.0056192630 0.09049536 0.11885550 0.07006936 0.07257408 0.06486814 0.05975474 0.04674968 0.04300102
ON_south           0.0081276274 0.08946660 0.05792739 0.07124894 0.07367245 0.08237771 0.07713761 0.07531226 0.04546214

, , Age: 12

                Recapture: 2003       2004       2005       2006       2007       2008       2009       2010        2011
Recapture: MI_1    0.0015118600 0.03195860 0.05855268 0.05158741 0.03761153 0.05700866 0.05131247 0.03799610 0.045063931
MI_2_3             0.0007762746 0.05380958 0.02235596 0.04006427 0.03320556 0.03291104 0.03796386 0.03663586 0.036896089
MI_4               0.0016713791 0.03694128 0.04611304 0.03539419 0.04178187 0.03512889 0.02718670 0.06534895 0.034552491
MI_centra          0.0004528269 0.03208602 0.04026925 0.04114256 0.05469502 0.04887296 0.04939047 0.03697008 0.037649320
MI_south           0.0012291015 0.08545490 0.07491050 0.08390235 0.07390781 0.05359529 0.06937955 0.07510457 0.071352577
ON_central         0.0004256160 0.02563799 0.01097136 0.01111559 0.01140897 0.01067447 0.01261995 0.01330135 0.008023608
ON_north           0.0041257018 0.06644232 0.08726453 0.05144541 0.05328439 0.04762664 0.04387234 0.03432394 0.031571645
ON_south           0.0059673603 0.06568700 0.04253069 0.05231146 0.05409082 0.06048229 0.05663497 0.05529478 0.033378619


$S
, , Age: 4

                Recapture: 2003      2004      2005      2006      2007      2008      2009      2010      2011
Recapture: MI_1       0.8298103 0.8280266 0.8264718 0.8268787 0.8276959 0.8265620 0.8268948 0.8276734 0.8272600
MI_2_3                0.8298534 0.8267489 0.8285887 0.8275524 0.8279536 0.8279709 0.8276752 0.8277529 0.8277377
MI_4                  0.8298009 0.8277351 0.8271987 0.8278256 0.8274519 0.8278411 0.8283059 0.8260749 0.8278748
MI_centra             0.8298724 0.8280191 0.8275404 0.8274893 0.8266971 0.8270374 0.8270071 0.8277334 0.8276936
MI_south              0.8298269 0.8249019 0.8255169 0.8249924 0.8255754 0.8267614 0.8258396 0.8255055 0.8257245
ON_central            0.8298740 0.8283966 0.8292557 0.8292472 0.8292300 0.8292731 0.8291591 0.8291192 0.8294285
ON_north              0.8296570 0.8260111 0.8247964 0.8268870 0.8267796 0.8271102 0.8273297 0.8278882 0.8280492
ON_south              0.8295490 0.8260552 0.8274082 0.8268364 0.8267324 0.8263591 0.8265838 0.8266621 0.8279435

, , Age: 5

                Recapture: 2003      2004      2005      2006      2007      2008      2009      2010      2011
Recapture: MI_1       0.8295310 0.8221565 0.8157688 0.8174370 0.8207945 0.8161383 0.8175029 0.8207020 0.8190025
MI_2_3                0.8297100 0.8169044 0.8244753 0.8202043 0.8218559 0.8219269 0.8207097 0.8210294 0.8209668
MI_4                  0.8294922 0.8209559 0.8187505 0.8213285 0.8197912 0.8213924 0.8233080 0.8141443 0.8215313
MI_centra             0.8297887 0.8221258 0.8201550 0.8199449 0.8166923 0.8180880 0.8179639 0.8209490 0.8207854
MI_south              0.8295998 0.8093575 0.8118644 0.8097262 0.8121032 0.8169557 0.8131825 0.8118182 0.8127120
ON_central            0.8297954 0.8236820 0.8272328 0.8271978 0.8271266 0.8273048 0.8268329 0.8266677 0.8279483
ON_north              0.8288953 0.8138833 0.8089281 0.8174710 0.8170302 0.8183871 0.8192887 0.8215863 0.8222498
ON_south              0.8284477 0.8140636 0.8196112 0.8172634 0.8168370 0.8153072 0.8162277 0.8165486 0.8218142

, , Age: 6

                Recapture: 2003      2004      2005      2006      2007      2008      2009      2010      2011
Recapture: MI_1       0.8289910 0.8109159 0.7954508 0.7994725 0.8076036 0.7963405 0.7996317 0.8073788 0.8032576
MI_2_3                0.8294326 0.7981872 0.8165737 0.8061707 0.8101841 0.8103569 0.8073976 0.8081743 0.8080221
MI_4                  0.8288952 0.8079956 0.8026477 0.8089012 0.8051687 0.8090566 0.8137225 0.7915461 0.8093943
MI_centra             0.8296269 0.8108411 0.8060510 0.8055415 0.7976757 0.8010453 0.8007452 0.8079788 0.8075815
MI_south              0.8291607 0.7801065 0.7860851 0.7809839 0.7866560 0.7983111 0.7892394 0.7859747 0.7881128
ON_central            0.8296432 0.8146355 0.8233325 0.8232465 0.8230717 0.8235095 0.8223503 0.8219447 0.8250916
ON_north              0.8274236 0.7909197 0.7790850 0.7995547 0.7984908 0.8017685 0.8039509 0.8095283 0.8111431
ON_south              0.8263210 0.7913524 0.8047323 0.7990535 0.7980247 0.7943402 0.7965560 0.7973293 0.8100826

, , Age: 7

                Recapture: 2003      2004      2005      2006      2007      2008      2009      2010      2011
Recapture: MI_1       0.8283333 0.7974240 0.7713712 0.7781113 0.7918135 0.7728602 0.7783785 0.7914332 0.7844772
MI_2_3                0.8290947 0.7759545 0.8070459 0.7893914 0.7961830 0.7964759 0.7914651 0.7927790 0.7925214
MI_4                  0.8281682 0.7924766 0.7834500 0.7940095 0.7876997 0.7942726 0.8021911 0.7648509 0.7948447
MI_centra             0.8294297 0.7972971 0.7891894 0.7883290 0.7750969 0.7807539 0.7802494 0.7924481 0.7917761
MI_south              0.8286259 0.7458823 0.7557708 0.7473301 0.7567179 0.7761623 0.7610100 0.7555876 0.7591369
ON_central            0.8294579 0.8037443 0.8186039 0.8184565 0.8181566 0.8189075 0.8169200 0.8162250 0.8216234
ON_north              0.8256334 0.7638071 0.7441983 0.7782493 0.7764637 0.7819702 0.7856457 0.7950716 0.7978095
ON_south              0.8237363 0.7645280 0.7869633 0.7774079 0.7756820 0.7695143 0.7732210 0.7745164 0.7960109

, , Age: 8

                Recapture: 2003      2004      2005      2006      2007      2008      2009      2010      2011
Recapture: MI_1       0.8278219 0.7870828 0.7531426 0.7618878 0.7797427 0.7550725 0.7622351 0.7792458 0.7701704
MI_2_3                0.8288318 0.7590868 0.7997103 0.7765792 0.7854578 0.7858413 0.7792874 0.7810046 0.7806678
MI_4                  0.8276031 0.7806094 0.7688324 0.7826136 0.7743715 0.7829578 0.7933328 0.7447063 0.7837062
MI_centra             0.8292763 0.7869166 0.7763154 0.7751925 0.7579736 0.7653234 0.7646672 0.7805721 0.7796938
MI_south              0.8282100 0.7202980 0.7329973 0.7221539 0.7342165 0.7593565 0.7397479 0.7327615 0.7373327
ON_central            0.8293137 0.7953718 0.8149439 0.8147491 0.8143530 0.8153450 0.8127201 0.8118027 0.8189353
ON_north              0.8242433 0.7433580 0.7181407 0.7620672 0.7597479 0.7669060 0.7716930 0.7840031 0.7875878
ON_south              0.8217311 0.7442892 0.7734110 0.7609740 0.7587330 0.7507377 0.7555403 0.7572205 0.7852325

, , Age: 9

                Recapture: 2003      2004      2005      2006      2007      2008      2009      2010      2011
Recapture: MI_1       0.8276434 0.7835032 0.7468789 0.7563024 0.7755708 0.7489577 0.7566768 0.7750341 0.7652359
MI_2_3                0.8287401 0.7532831 0.7971644 0.7721541 0.7817465 0.7821610 0.7750791 0.7769341 0.7765703
MI_4                  0.8274058 0.7765071 0.7637921 0.7786726 0.7697704 0.7790446 0.7902624 0.7377972 0.7798533
MI_centra             0.8292227 0.7833235 0.7718692 0.7706568 0.7520834 0.7600069 0.7592992 0.7764669 0.7755181
MI_south              0.8280648 0.7115718 0.7252071 0.7135632 0.7265172 0.7535737 0.7324635 0.7249538 0.7298667
ON_central            0.8292634 0.7924686 0.8136696 0.8134584 0.8130289 0.8141045 0.8112585 0.8102640 0.8179986
ON_north              0.8237584 0.7363466 0.7092576 0.7564957 0.7539956 0.7617139 0.7668791 0.7801743 0.7840491
ON_south              0.8210320 0.7373484 0.7687335 0.7553173 0.7529018 0.7442891 0.7494616 0.7512719 0.7815030

, , Age: 10

                Recapture: 2003      2004      2005      2006      2007      2008      2009      2010      2011
Recapture: MI_1       0.8278073 0.7867880 0.7526258 0.7614272 0.7793989 0.7545680 0.7617767 0.7788988 0.7697636
MI_2_3                0.8288243 0.7586081 0.7995008 0.7762145 0.7851521 0.7855382 0.7789407 0.7806693 0.7803302
MI_4                  0.8275869 0.7802714 0.7684168 0.7822889 0.7739923 0.7826355 0.7930800 0.7441360 0.7833888
MI_centra             0.8292719 0.7866207 0.7759490 0.7748187 0.7574877 0.7648850 0.7642245 0.7802339 0.7793498
MI_south              0.8281981 0.7195767 0.7323538 0.7214439 0.7335806 0.7588795 0.7391464 0.7321166 0.7367161
ON_central            0.8293096 0.7951328 0.8148390 0.8146429 0.8142441 0.8152430 0.8125998 0.8116761 0.8188582
ON_north              0.8242034 0.7427792 0.7174064 0.7616077 0.7592734 0.7664779 0.7712962 0.7836877 0.7872964
ON_south              0.8216736 0.7437163 0.7730255 0.7605075 0.7582521 0.7502056 0.7550388 0.7567298 0.7849253

, , Age: 11

                Recapture: 2003      2004      2005      2006      2007      2008      2009      2010      2011
Recapture: MI_1       0.8281918 0.7945500 0.7662852 0.7735893 0.7884559 0.7678983 0.7738791 0.7880431 0.7804934
MI_2_3                0.8290220 0.7712515 0.8050101 0.7858264 0.7932017 0.7935199 0.7880777 0.7895044 0.7892246
MI_4                  0.8280119 0.7891760 0.7793789 0.7908407 0.7839901 0.7911265 0.7997309 0.7592247 0.7917479
MI_centra             0.8293873 0.7944121 0.7856070 0.7846731 0.7703220 0.7764547 0.7759076 0.7891451 0.7884154
MI_south              0.8285108 0.7387157 0.7494014 0.7402795 0.7504256 0.7714767 0.7550682 0.7492034 0.7530418
ON_central            0.8294180 0.8014196 0.8175898 0.8174293 0.8171027 0.8179205 0.8157561 0.8149994 0.8208790
ON_north              0.8252486 0.7580949 0.7368972 0.7737390 0.7718034 0.7777738 0.7817611 0.7919944 0.7949688
ON_south              0.8231812 0.7588752 0.7831910 0.7728268 0.7709561 0.7642739 0.7682893 0.7696930 0.7930147

, , Age: 12

                Recapture: 2003      2004      2005      2006      2007      2008      2009      2010      2011
Recapture: MI_1       0.8286452 0.8037959 0.7827014 0.7881722 0.7992649 0.7839108 0.7883889 0.7989576 0.7933306
MI_2_3                0.8292550 0.7864226 0.8115516 0.7973069 0.8027942 0.8030307 0.7989833 0.8000451 0.7998369
MI_4                  0.8285130 0.7998008 0.7924987 0.8010391 0.7959386 0.8012516 0.8076407 0.7774000 0.8017136
MI_centra             0.8295232 0.8036935 0.7971435 0.7964476 0.7857266 0.7903145 0.7899056 0.7997777 0.7992347
MI_south              0.8288795 0.7619257 0.7700023 0.7631095 0.7707747 0.7865912 0.7742729 0.7698528 0.7727467
ON_central            0.8295458 0.8088924 0.8208436 0.8207252 0.8204845 0.8210873 0.8194915 0.8189333 0.8232668
ON_north              0.8264821 0.7765505 0.7605481 0.7882841 0.7868358 0.7913001 0.7942765 0.8018969 0.8041070
ON_south              0.8249614 0.7771372 0.7953428 0.7876017 0.7862015 0.7811925 0.7842038 0.7852555 0.8026553


$logLik
[1] -10471.3928   -109.9632  -1068.3342  -4868.0966

$logLikSum
[1] -16517.79

************************************************


